1111111001011010
1111111001011111
1111111000011000
0000001001100001
0000010111010101
1111110010011011
1111110101111100
0000000100101110
1111101100010011
0000000000010010
1111110110110101
0000001011101100
1111111001010100
1111111101000011
0000001101000000
0000000111101001
0000000100100011
0000001010010001
1111101101111110
0000000011100110
1111110010001100
0000000001001000
1111101100101100
1111111100111010
1111111101000000
1111101111011000
1111111011000001
0000001101011111
1111110111011111
0000010100001100
1111110001000011
0000001011001100
1111110001001011
1111111010000000
1111111100010110
0000010010100010
0000010010011100
0000000011010011
1111110001010111
0000000110100000
1111101101111101
1111111000001100
0000001001110010
0000000111110000
0000001100100011
1111110100111011
0000000000110111
0000000111000101
0000001100100011
0000011001010100
1111111111110110
1111111110011101
0000001100101110
1111111000000011
1111111100101010
1111111011001010
0000011011111101
1111100100001100
1111110010000010
0000001010010001
1111111001000000
0000001101001111
0000000001011001
1111110011011110
1111101111001011
0000001110101110
1111110000011101
0000010100111010
0000000111111011
0000000100101011
1111110100011010
0000000100011000
1111111010100100
1111111111100111
1111101111110110
1111110100110011
0000000010011110
1111101100010000
0000000010100101
0000011010000100
0000001100100010
1111111001000110
0000000000011000
1111111010101001
0000001101000000
1111110011111001
0000001100100010
1111111000000110
0000001111100111
1111110110100000
1111101111100100
1111111101111111
1111111010100010
0000001101001110
0000000010001111
1111111101101101
1111110111010011
1111011111000110
0000001000101000
0000000100110001
0000001111100111
1111101101101011
1111111010110100
1111110010000101
0000000110110110
0000000001111011
0000000000111010
0000001000110010
1111101110001011
1111111110001110
0000000101011010
1111111101011011
0000000000110101
1111111101000001
0000000010100011
1111100001111100
0000000111110010
1111111111100001
0000010011000011
1111111111110000
0000000101010001
0000001111100001
1111111100111111
0000001011111001
1111111100011010
0000000010110101
1111100110110001
0000000111011011
0000001011000111
1111110101110111
0000000110000111
1111101101000000
1111101010111001
0000000111011111
1111110000100000
0000000010101010
1111110110001111
0000010001000000
1111111001010101
0000000011100111
0000001000110111
0000001101000111
1111101101001110
1111110011111001
0000000010011110
0000001010010011
1111111011100011
1111110111101101
1111111111010000
1111111011010110
0000001000111111
1111101101010111
0000010110000111
0000001101010111
1111111111110000
0000010100111011
0000000101011000
1111111011110000
0000000011001000
1111110011101000
1111110101001011
1111101010100110
0000000110010011
1111111110000001
0000001101001110
0000000110010111
1111110010101001
1111111100000101
0000010011111101
1111110111101100
0000001011111100
0000001011010011
1111111111010010
1111100101111101
1111110011011001
0000001111000110
1111111010111111
1111110011011100
0000001010000100
0000000100000111
1111100011010100
0000001010100111
1111101000000000
0000001101111010
1111110101110000
1111111010100101
0000011010111101
1111110100111101
1111111110011011
0000001010100100
0000011011011000
1111110010011111
0000001011101010
0000001010111011
0000000100110101
0000000101111001
1111110000101000
0000000100011000
1111110110101000
1111101000111100
