_C_7c51_5a21cf19_9 8c 0 a0 0 0 2e747874 0 5f666978 0 67653130 0 5f696d61 0 74657374 
_C_4dd1_5a261093_1 8c 0 48 0 0 2e747874 0 5f666978 0 78 
_C_4dd1_5a261093_2 8c 0 48 0 0 2e747874 0 5f666978 0 79 
_C_7c51_5a21cf19_5 8c 0 98 0 0 2e747874 0 5f666978 0 61676536 0 745f696d 0 746573 
_C_7c51_5a21cf19_6 8c 0 98 0 0 2e747874 0 5f666978 0 61676537 0 745f696d 0 746573 
_C_7c51_5a21cf19_3 8c 0 98 0 0 2e747874 0 5f666978 0 61676534 0 745f696d 0 746573 
_C_7c51_5a21cf19_4 8c 0 98 0 0 2e747874 0 5f666978 0 61676535 0 745f696d 0 746573 
_C_7c51_5a21cf19_1 8c 0 98 0 0 2e747874 0 5f666978 0 61676532 0 745f696d 0 746573 
_C_7c51_5a21cf19_2 8c 0 98 0 0 2e747874 0 5f666978 0 61676533 0 745f696d 0 746573 
_C_748d_5a20e5c9_1 8c 0 38 0 0 2e766364 0 746f70 
_C_748d_5a20e5c9_4 8c 0 98 0 0 2e747874 0 5f666978 0 61676531 0 745f696d 0 746573 
_C_1ce3_5a21db9c_1 8c 0 88 0 0 2e747874 0 69676874 0 315f7765 0 61796572 0 6c 
_C_7c51_5a21cf19_7 8c 0 98 0 0 2e747874 0 5f666978 0 61676538 0 745f696d 0 746573 
_C_7c51_5a21cf19_8 8c 0 98 0 0 2e747874 0 5f666978 0 61676539 0 745f696d 0 746573 
_C_748d_5a20e5c9_2 84 0 20 0 0 0 
_C_1ce3_5a21db9c_2 8c 0 88 0 0 2e747874 0 69676874 0 325f7765 0 61796572 0 6c 
_C_748d_5a20e5c9_3 84 0 20 0 0 1 
